01002
01007
01008
01012
01025
01026
01027
01028
01044
01073
01074
01079
01080
01139
01140
01143
01144
01415
01416
01431
01432
01449
01450
01455
01459
01462
01478
01491
01665
01921
01929
02133
02134
02187
02188
02198
02200
02417
02418
02563
02564
02569
02570
02877
03229
03230
03251
03252
03255
03293
03294
03309
03311
03639
03697
04010
04013
04014
04028
04029
04047
04052
04063
04069
04070
04071
04072
04081
04082
04087
04088
04104
04108
04115
04116
04124
04129
04139
04151
04152
04153
04154
04155
04156
04186
04210
04211
04213
04214
04225
04226
04228
04312
04313
04464
04511
04512
04519
04623
04651
04652
04811
04812
04814
04829
04830
05057
05058
05060
05064
05089
05138
05219
05302
05551
05558
05585
05590
05862
06027
06028
06045
06069
06070
06181
06510
06544
06555
06572
06597
06598
07020
07029
07046
07091
07098
07221
07312
07364
07621
07810
07815
08045
08046
08201
08262
08612
08865
08866
09001
09033
09035
09037
09038
09049
09050
09051
09056
09081
09082
09085
09086
09093
09151
09152
09183
09184
09189
09195
09206
09207
09257
09309
09310
09343
09344
09410
09419
09424
09448
09451
09465
09602
09619
09624
09628
09724
09821
09822
10105
10106
10115
11099
11100
11139
11140
11271
11273
11274
11311
11312
11427
11631
11705
11706
11752
11753
11754
11755
11756
11841
11842
11903
11904
11905
11906
12091
12092
12403
12404
12429
12430
12571
12583
12584
12745
12746
12751
12755
12756
12787
12788
12789
12966
12998
13035
13037
13038
13041
13042
13047
13048
13051
13052
13065
13066
13126
13173
13176
13251
13252
13282
13436
13697
13698
14009
14030
14038
14053
14087
14088
14089
14090
14229
14230
14241
14242
14261
14341
14342
14507
14541
14542
14619
14622
14653
14654
14679
14680
14692
14701
14702
14719
14720
14802
14813
14814
14815
14816
15010
15031
15032
15073
15074
15079
15080
15083
15084
15090
15091
15092
15108
15109
15110
15114
15125
15126
15127
15128
15133
15135
15137
15138
15294
15303
15304
15557
15558
15565
15566
15567
15608
15628
15671
15673
15705
15706
15733
15743
15744
15910
15945
15946
16107
16159
16160
16223
16236
16319
16320
16321
16322
16327
16328
16357
16364
16366
16367
16377
16378
16511
16512
16551
16552
16561
16562
16585
16586
16595
16596
16597
16601
16619
16729
16730
16751
16752
16765
16766
16807
16808
16843
16844
17005
17008
17029
17030
17049
17050
17070
17243
17244
17254
17289
17296
17421
17422
17434
17611
17612
17629
17630
17633
17653
17654
17655
17659
17660
17661
17662
17663
17664
18003
18011
18012
18013
18014
18017
18021
18022
18045
18046
18064
18105
18106
18109
18110
18125
18126
18249
18250
18521
18522
18524
18527
18528
18529
18530
18603
18629
18630
18641
18642
19005
19006
19007
19008
19011
19012
19013
19014
19203
19204
19255
19256
19271
19272
19305
19315
19316
19333
19339
19340
19343
19344
19417
19418
19435
19483
19484
19489
19490
19559
19606
19610
19616
19623
19668
19670
19701
19702
19811
19812
19814
19817
19818
19821
19822
20101
20102
20103
20104
20111
20112
20151
20153
20154
20155
20156
20164
20171
20172
20173
20174
20175
20176
20177
20178
20401
20402
20403
20404
20407
20413
20414
20423
20424
20433
20434
20451
20452
20473
20474
20481
20482
20483
20484
20485
20486
20487
20488
20491
20492
20493
20494
20495
20496
20503
20504
20507
20603
20605
20606
20607
20608
20609
20625
20626
20627
20628
20629
20630
20631
20632
20633
20634
20635
20636
20641
20642
20643
20644
20645
20646
20657
20663
20664
20665
20666
20667
20671
20672
20677
20678
20679
20680
20681
20682
20691
20692
20693
20694
20703
20704
20705
20706
20707
20708
20801
20802
20803
20805
20806
20807
20808
20822
20823
20824
20825
20826
20827
20829
20830
20831
20832
20833
20834
20835
20836
20839
20840
20841
20842
20844
20845
20848
20849
20854
20857
20862
20871
20872
20887
20888
20891
20892
20893
20894
20897
20898
20906
20907
20908
20910
20911
20912
20913
20914
20916
20918
20919
20921
20923
20926
20929
20931
20933
20937
20941
20943
20944
20945
20946
20947
20950
20954
20957
20958
20959
20960
20963
20964
20971
20976
20977
20978
20986
20987
20988
20989
20991
20992
20993
20994
21901
21908
22108
22139
22141
22142
22153
22154
22157
22158
22159
22160
22170
22173
22174
22175
22176
22177
22178
22183
22184
22185
22198
22200
22221
22222
22223
22224
22225
22226
22229
22230
22303
22304
22306
22312
22345
22346
22347
22348
22349
22350
22353
22357
22360
22361
22362
22425
22426
22435
22436
22438
22439
22440
22449
22465
22469
22470
22485
22486
22489
22490
22491
22492
22498
22503
22504
22534
22535
22537
22538
22541
22542
22545
22546
22548
22549
22550
22563
22586
22588
22589
22590
22665
22666
22671
22672
22673
22675
22676
22710
22715
22718
22723
22731
22732
22738
22802
22820
22895
22896
22923
22924
22947
22948
22950
22958
22976
22977
22978
22984
22987
22988
24203
24204
26101
26102
26406
26461
26462
26481
26482
26502
26503
26504
26505
26506
26651
26652
26901
26902
26963
26964
27575
27576
82501
82502
82901
82902
