02418
04052
04063
04071
04072
04087
04088
04464
04495
04814
06597
09038
09082
09206
09257
09451
09465
11841
11842
11905
12403
12404
12998
13051
13052
13697
13698
14622
14701
14702
15557
15558
15565
15566
15743
15744
19316
19418
19483
19489
19818
20171
20172
20176
20177
20178
20423
20424
20433
20434
20483
20484
20486
20492
20493
20494
20495
20496
20626
20694
20801
20802
20805
20806
20824
20848
20862
20908
20910
20943
22200
22221
22222
22469
22470
22548
22586
22710
22723
22923
22950
22988
26901
82501
82502
82902
