02418
04052
04063
04071
04072
04087
04088
04464
04495
04814
06597
09038
09082
09206
09257
09451
09465
11057
11058
11077
11078
11088
11463
11464
11841
11842
11902
11905
12001
12002
12003
12004
12010
12137
12138
12155
12156
12171
12180
12189
12190
12191
12192
12195
12215
12216
12267
12268
12279
12280
12297
12308
12315
12381
12382
12396
12403
12404
12406
12409
12419
12420
12434
12447
12448
12462
12479
12480
12485
12487
12488
12505
12506
12547
12581
12582
12615
12616
12617
12618
12621
12622
12625
12626
12627
12628
12641
12644
12655
12715
12716
12721
12722
12723
12724
12779
12780
12807
12808
12815
12833
12876
12902
12915
12919
12920
12932
12934
12942
12949
12957
12972
12982
12987
12988
12998
13051
13052
13238
13239
13697
13698
14005
14006
14113
14114
14117
14118
14163
14164
14211
14217
14218
14309
14312
14318
14319
14622
14701
14702
14707
14708
14806
14807
14864
14865
15045
15055
15483
15484
15557
15558
15560
15565
15566
15632
15635
15657
15658
15707
15708
15743
15744
16031
16209
16335
16338
16788
18237
18238
18309
18310
18477
18478
19015
19016
19031
19037
19038
19119
19165
19217
19218
19223
19269
19307
19309
19316
19411
19418
19483
19489
19568
19576
19665
19666
19818
20171
20172
20176
20177
20178
20423
20424
20433
20434
20483
20484
20486
20492
20493
20494
20495
20496
20626
20694
20801
20802
20805
20806
20824
20848
20862
20902
20908
20910
20943
22168
22181
22182
22200
22221
22222
22307
22405
22406
22407
22456
22469
22470
22548
22586
22691
22692
22710
22723
22923
22925
22928
22931
22945
22946
22950
22952
22954
22956
22957
22959
22962
22969
22988
22990
26901
54805
59440
82501
82502
82902
